name: py_pyd_modern
channels:
  - conda-forge
  - defaults
dependencies:
  - _openmp_mutex=4.5=20_gnu
  - binutils_impl_win-64=2.45.1=default_ha84baeb_102
  - binutils_win-64=2.45.1=default_hd1c8def_102
  - bzip2=1.0.8=h0ad9c76_9
  - ca-certificates=2026.6.17=h4c7d964_0
  - cython=3.2.8=py311h9990397_0
  - distutils-activate-mingw=2.3=py310h57928b3_6
  - gcc_impl_win-64=15.2.0=h062b9a2_19
  - gcc_win-64=15.2.0=ha204fe2_27
  - gendef=v12.0.0.r1.ggdc42231f0=he1bec0e_1
  - gxx_impl_win-64=15.2.0=h22fd5bf_19
  - gxx_win-64=15.2.0=hd5b95e0_27
  - ld_impl_win-64=2.45.1=default_hfd38196_102
  - libexpat=2.8.1=hac47afa_1
  - libffi=3.5.2=h3d046cb_0
  - libgcc=15.2.0=h8ee18e1_19
  - libgcc-devel_win-64=15.2.0=hbb59886_119
  - libgomp=15.2.0=h8ee18e1_19
  - liblzma=5.8.3=hfd05255_0
  - libpython=2.3=h57928b3_6
  - libsqlite=3.53.3=hf5d6505_0
  - libstdcxx=15.2.0=hae5796f_19
  - libstdcxx-devel_win-64=15.2.0=h0a72980_119
  - libwinpthread=12.0.0.r4.gg4f2fc60ca=h57928b3_10
  - libzlib=1.3.2=hfd05255_2
  - m2-conda-epoch=20250515=0_x86_64
  - m2w64-sysroot_win-64=12.0.0.r4.gg4f2fc60ca=hd8ed1ab_10
  - mingw-w64-ucrt-x86_64-crt-git=12.0.0.r4.gg4f2fc60ca=hd8ed1ab_10
  - mingw-w64-ucrt-x86_64-headers-git=12.0.0.r4.gg4f2fc60ca=hd8ed1ab_10
  - mingw-w64-ucrt-x86_64-windows-default-manifest=6.4=he206cdd_7
  - mingw-w64-ucrt-x86_64-winpthreads-git=12.0.0.r4.gg4f2fc60ca=hd8ed1ab_10
  - openssl=3.6.3=hf411b9b_0
  - packaging=26.2=pyhc364b38_0
  - pip=26.1.2=pyh8b19718_0
  - python=3.11.15=h0159041_1_cpython
  - python_abi=3.11=8_cp311
  - setuptools=83.0.0=pyh332efcf_0
  - tk=8.6.13=h6ed50ae_3
  - tzdata=2025c=hc9c84f9_1
  - ucrt=10.0.26100.0=h57928b3_0
  - vc=14.5=h1b7c187_39
  - vc14_runtime=14.51.36231=h1b9f54f_39
  - vcomp14=14.51.36231=h1b9f54f_39
  - wheel=0.47.0=pyhd8ed1ab_0
  - zstd=1.5.7=h534d264_6
